100 0.962132 0.0155092101951 
180 0.963301 0.0111713387376 
50 0.960087 0.0232580859928 
150 0.959916 0.0133959858012 
190 0.96529 0.0102728881337 
100 0.962132 0.0155092101951 
150 0.959916 0.0133959858012 
240 0.964208 0.00942483623188 
180 0.963301 0.0111713387376 
190 0.96529 0.0102728881337 
100 0.962132 0.0155092101951 
180 0.963301 0.0111713387376 
50 0.960087 0.0232580859928 
150 0.959916 0.0133959858012 
190 0.96529 0.0102728881337 
100 0.962132 0.0155092101951 
150 0.959916 0.0133959858012 
240 0.964208 0.00942483623188 
180 0.963301 0.0111713387376 
190 0.96529 0.0102728881337 
100 0.962132 0.0155092101951 
180 0.963301 0.0111713387376 
50 0.960087 0.0232580859928 
150 0.959916 0.0133959858012 
190 0.96529 0.0102728881337 
100 0.962132 0.0155092101951 
150 0.959916 0.0133959858012 
240 0.964208 0.00942483623188 
180 0.963301 0.0111713387376 
190 0.96529 0.0102728881337 
100 0.962132 0.0155092101951 
180 0.963301 0.0111713387376 
50 0.960087 0.0232580859928 
150 0.959916 0.0133959858012 
190 0.96529 0.0102728881337 
100 0.962132 0.0155092101951 
150 0.959916 0.0133959858012 
240 0.964208 0.00942483623188 
180 0.963301 0.0111713387376 
190 0.96529 0.0102728881337 
