300 0.966359 0.00791208386181 
500 0.972664 0.00496141771071 
1100 0.973105 0.00328851060809 
800 0.975298 0.00353842559088 
300 0.92462 0.0180829340201 
500 0.940056 0.011050537623 
1100 0.943186 0.00704694065994 
800 0.944864 0.00801425770853 
300 0.92462 0.0180829340201 
500 0.940056 0.011050537623 
1100 0.943186 0.00704694065994 
800 0.944864 0.00801425770853 
300 0.92462 0.0180829340201 
500 0.940056 0.011050537623 
1100 0.943186 0.00704694065994 
800 0.944864 0.00801425770853 
300 0.92462 0.0180829340201 
500 0.940056 0.011050537623 
1100 0.943186 0.00704694065994 
800 0.944864 0.00801425770853 
300 0.92462 0.0180829340201 
500 0.940056 0.011050537623 
1100 0.943186 0.00704694065994 
800 0.944864 0.00801425770853 
