100 0.984512 0.00627405296515 
50 0.979521 0.0118214420479 
150 0.982852 0.00566762065422 
220 0.983676 0.00444804864228 
20 0.999969 2.80152780444e-05 
100 0.984512 0.00627405296515 
150 0.982852 0.00566762065422 
260 0.983762 0.00406846928839 
90 0.981624 0.00786296978202 
170 0.984892 0.00468330074384 
100 0.984512 0.00627405296515 
50 0.979521 0.0118214420479 
150 0.982852 0.00566762065422 
220 0.983676 0.00444804864228 
20 0.999969 2.80152780444e-05 
100 0.984512 0.00627405296515 
150 0.982852 0.00566762065422 
260 0.983762 0.00406846928839 
90 0.981624 0.00786296978202 
170 0.984892 0.00468330074384 
100 0.984512 0.00627405296515 
50 0.979521 0.0118214420479 
150 0.982852 0.00566762065422 
220 0.983676 0.00444804864228 
20 0.999969 2.80152780444e-05 
100 0.984512 0.00627405296515 
150 0.982852 0.00566762065422 
260 0.983762 0.00406846928839 
90 0.981624 0.00786296978202 
170 0.984892 0.00468330074384 
100 0.984512 0.00627405296515 
50 0.979521 0.0118214420479 
150 0.982852 0.00566762065422 
220 0.983676 0.00444804864228 
20 0.999969 2.80152780444e-05 
100 0.984512 0.00627405296515 
150 0.982852 0.00566762065422 
260 0.983762 0.00406846928839 
90 0.981624 0.00786296978202 
170 0.984892 0.00468330074384 
