0.0 -0.017233649946
0.69314718056 -0.025192687607
1.09861228867 -0.0294185120827
1.38629436112 -0.0328837939048
1.60943791243 -0.0350180367823
1.79175946923 -0.0373509422648
1.94591014906 -0.03893627361
2.07944154168 -0.0394292148883
2.19722457734 -0.0398859743905
2.30258509299 -0.0409001225722
2.3978952728 -0.0421916821142
2.48490664979 -0.0434295579273
2.56494935746 -0.0439633818481
2.63905732962 -0.0450256090074
2.7080502011 -0.0451867144
2.77258872224 -0.0463109898633
2.83321334406 -0.0471817583478
2.8903717579 -0.0477752793393
2.94443897917 -0.04828624116
2.99573227355 -0.0485486433379
3.04452243772 -0.0487334157797
3.09104245336 -0.0492270095725
3.13549421593 -0.0495716194261
3.17805383035 -0.049199698017
3.21887582487 -0.0495369429393
3.25809653802 -0.0497145412743
3.295836866 -0.0492889885616
3.33220451018 -0.0499783698062
3.36729582999 -0.0503579424919
3.40119738166 -0.0504662680471
3.43398720449 -0.0506229927741
3.4657359028 -0.0506566549802
