0.0 -0.0171197095408
0.69314718056 -0.0250368218236
1.09861228867 -0.029796540499
1.38629436112 -0.0338298301098
1.60943791243 -0.0368154481238
1.79175946923 -0.0394895492865
1.94591014906 -0.0415576817384
2.07944154168 -0.043514156806
2.19722457734 -0.0455404003765
2.30258509299 -0.0477322739327
2.3978952728 -0.049627314482
2.48490664979 -0.0513396112496
2.56494935746 -0.0524212987664
2.63905732962 -0.0540370550586
2.7080502011 -0.0552632695843
2.77258872224 -0.0572033560263
2.83321334406 -0.0577647152506
2.8903717579 -0.0592872664749
2.94443897917 -0.0605571240945
2.99573227355 -0.061866893116
3.04452243772 -0.0626693358201
3.09104245336 -0.0637814744364
3.13549421593 -0.0641076806293
3.17805383035 -0.0648980524279
3.21887582487 -0.0657349699304
3.25809653802 -0.0663791473846
3.295836866 -0.0666153429064
3.33220451018 -0.0671296084402
3.36729582999 -0.0677661242491
3.40119738166 -0.0681064787348
3.43398720449 -0.068926802241
3.4657359028 -0.0689439441125
