100 0.989954 0.00405916747566 
70 0.985481 0.00704194479985 
130 0.99228 0.00272928291373 
50 0.99997 1.72475001559e-05 
130 0.99228 0.00272928291373 
100 0.989954 0.00405916747566 
200 0.98991 0.00287537750639 
250 0.991938 0.00205178453246 
100 0.999965 1.36754405998e-05 
100 0.989954 0.00405916747566 
70 0.985481 0.00704194479985 
130 0.99228 0.00272928291373 
50 0.99997 1.72475001559e-05 
130 0.99228 0.00272928291373 
100 0.989954 0.00405916747566 
200 0.98991 0.00287537750639 
250 0.991938 0.00205178453246 
100 0.999965 1.36754405998e-05 
100 0.989954 0.00405916747566 
70 0.985481 0.00704194479985 
130 0.99228 0.00272928291373 
50 0.99997 1.72475001559e-05 
130 0.99228 0.00272928291373 
100 0.989954 0.00405916747566 
200 0.98991 0.00287537750639 
250 0.991938 0.00205178453246 
100 0.999965 1.36754405998e-05 
100 0.989954 0.00405916747566 
70 0.985481 0.00704194479985 
130 0.99228 0.00272928291373 
50 0.99997 1.72475001559e-05 
130 0.99228 0.00272928291373 
100 0.989954 0.00405916747566 
200 0.98991 0.00287537750639 
250 0.991938 0.00205178453246 
100 0.999965 1.36754405998e-05 
