100 0.869497 0.0557831131686 
200 0.883472 0.0349139621427 
325 0.904128 0.0223031868784 
375 0.901968 0.0212473411547 
150 0.865438 0.0469682780948 
325 0.904128 0.0223031868784 
350 0.899404 0.0225969024761 
100 0.869497 0.0557831131686 
150 0.865438 0.0469682780948 
375 0.901968 0.0212473411547 
300 0.905324 0.0229140882854 
200 0.883472 0.0349139621427 
280 0.898837 0.0254213438546 
300 0.905324 0.0229140882854 
280 0.898837 0.0254213438546 
350 0.899404 0.0225969024761 
100 0.869497 0.0557831131686 
200 0.883472 0.0349139621427 
325 0.904128 0.0223031868784 
375 0.901968 0.0212473411547 
150 0.865438 0.0469682780948 
325 0.904128 0.0223031868784 
350 0.899404 0.0225969024761 
100 0.869497 0.0557831131686 
150 0.865438 0.0469682780948 
375 0.901968 0.0212473411547 
300 0.905324 0.0229140882854 
200 0.883472 0.0349139621427 
280 0.898837 0.0254213438546 
300 0.905324 0.0229140882854 
280 0.898837 0.0254213438546 
350 0.899404 0.0225969024761 
100 0.869497 0.0557831131686 
200 0.883472 0.0349139621427 
325 0.904128 0.0223031868784 
375 0.901968 0.0212473411547 
150 0.865438 0.0469682780948 
325 0.904128 0.0223031868784 
350 0.899404 0.0225969024761 
100 0.869497 0.0557831131686 
150 0.865438 0.0469682780948 
375 0.901968 0.0212473411547 
300 0.905324 0.0229140882854 
200 0.883472 0.0349139621427 
280 0.898837 0.0254213438546 
300 0.905324 0.0229140882854 
280 0.898837 0.0254213438546 
350 0.899404 0.0225969024761 
100 0.869497 0.0557831131686 
200 0.883472 0.0349139621427 
325 0.904128 0.0223031868784 
375 0.901968 0.0212473411547 
150 0.865438 0.0469682780948 
325 0.904128 0.0223031868784 
350 0.899404 0.0225969024761 
100 0.869497 0.0557831131686 
150 0.865438 0.0469682780948 
375 0.901968 0.0212473411547 
300 0.905324 0.0229140882854 
200 0.883472 0.0349139621427 
280 0.898837 0.0254213438546 
300 0.905324 0.0229140882854 
280 0.898837 0.0254213438546 
350 0.899404 0.0225969024761 
