250 0.99156 0.00214796794484 
125 0.992433 0.00272826487414 
125 0.990686 0.0033609079025 
250 0.99156 0.00214796794484 
150 0.999942 1.91879679487e-05 
125 0.992433 0.00272826487414 
125 0.990686 0.0033609079025 
250 0.99156 0.00214796794484 
150 0.999942 1.91879679487e-05 
125 0.992433 0.00272826487414 
125 0.990686 0.0033609079025 
250 0.99156 0.00214796794484 
150 0.999942 1.91879679487e-05 
125 0.992433 0.00272826487414 
125 0.990686 0.0033609079025 
250 0.99156 0.00214796794484 
150 0.999942 1.91879679487e-05 
125 0.992433 0.00272826487414 
125 0.990686 0.0033609079025 
