250 0.96332 0.00946716770054 
250 0.96332 0.00946716770054 
125 0.973586 0.00961246601411 
125 0.973586 0.00961246601411 
250 0.96332 0.00946716770054 
250 0.96332 0.00946716770054 
125 0.973586 0.00961246601411 
125 0.973586 0.00961246601411 
250 0.96332 0.00946716770054 
250 0.96332 0.00946716770054 
125 0.973586 0.00961246601411 
125 0.973586 0.00961246601411 
250 0.96332 0.00946716770054 
250 0.96332 0.00946716770054 
125 0.973586 0.00961246601411 
125 0.973586 0.00961246601411 
250 0.96332 0.00946716770054 
250 0.96332 0.00946716770054 
125 0.973586 0.00961246601411 
125 0.973586 0.00961246601411 
