100 0.989866 0.00409490307621 
130 0.98435 0.00555435645773 
50 0.990965 0.00518603726256 
130 0.98435 0.00555435645773 
100 0.989917 0.00407425300321 
100 0.989866 0.00409490307621 
230 0.986778 0.00351819598564 
100 0.989866 0.00409490307621 
130 0.98435 0.00555435645773 
50 0.990965 0.00518603726256 
130 0.98435 0.00555435645773 
100 0.989917 0.00407425300321 
100 0.989866 0.00409490307621 
230 0.986778 0.00351819598564 
100 0.989866 0.00409490307621 
130 0.98435 0.00555435645773 
50 0.990965 0.00518603726256 
130 0.98435 0.00555435645773 
100 0.989917 0.00407425300321 
100 0.989866 0.00409490307621 
230 0.986778 0.00351819598564 
100 0.989866 0.00409490307621 
130 0.98435 0.00555435645773 
50 0.990965 0.00518603726256 
130 0.98435 0.00555435645773 
100 0.989917 0.00407425300321 
100 0.989866 0.00409490307621 
230 0.986778 0.00351819598564 
