625 0.944459 0.00913700678042 
250 0.922972 0.0202641068452 
375 0.958392 0.00878313764202 
175 0.960352 0.0122584443698 
550 0.944342 0.00976223232498 
250 0.922972 0.0202641068452 
425 0.93866 0.0122761165293 
300 0.961592 0.0090540664271 
125 0.921511 0.0292790431037 
125 0.921511 0.0292790431037 
625 0.944459 0.00913700678042 
250 0.922972 0.0202641068452 
375 0.958392 0.00878313764202 
175 0.960352 0.0122584443698 
550 0.944342 0.00976223232498 
250 0.922972 0.0202641068452 
425 0.93866 0.0122761165293 
300 0.961592 0.0090540664271 
125 0.921511 0.0292790431037 
125 0.921511 0.0292790431037 
