700 0.977997 0.00336552924347 
800 0.978809 0.00303018304225 
500 0.978572 0.00387794980704 
450 0.978116 0.00417594655684 
425 0.979724 0.00397861540352 
400 0.979106 0.00422742592027 
550 0.97578 0.00418448551742 
900 0.977339 0.00305702610398 
700 0.954556 0.0070300985889 
800 0.955607 0.00642018038444 
500 0.954174 0.00839171788441 
450 0.953276 0.00902386361341 
425 0.954994 0.00893733551156 
400 0.954326 0.00935260716269 
550 0.950581 0.00864245163993 
900 0.953936 0.00628510939888 
700 0.954556 0.0070300985889 
800 0.955607 0.00642018038444 
500 0.954174 0.00839171788441 
450 0.953276 0.00902386361341 
425 0.954994 0.00893733551156 
400 0.954326 0.00935260716269 
550 0.950581 0.00864245163993 
900 0.953936 0.00628510939888 
700 0.954556 0.0070300985889 
800 0.955607 0.00642018038444 
500 0.954174 0.00839171788441 
450 0.953276 0.00902386361341 
425 0.954994 0.00893733551156 
400 0.954326 0.00935260716269 
550 0.950581 0.00864245163993 
900 0.953936 0.00628510939888 
700 0.954556 0.0070300985889 
800 0.955607 0.00642018038444 
500 0.954174 0.00839171788441 
450 0.953276 0.00902386361341 
425 0.954994 0.00893733551156 
400 0.954326 0.00935260716269 
550 0.950581 0.00864245163993 
900 0.953936 0.00628510939888 
700 0.954556 0.0070300985889 
800 0.955607 0.00642018038444 
500 0.954174 0.00839171788441 
450 0.953276 0.00902386361341 
425 0.954994 0.00893733551156 
400 0.954326 0.00935260716269 
550 0.950581 0.00864245163993 
900 0.953936 0.00628510939888 
