200 0.999308 0.000196238622457 
300 0.998362 0.000379235834043 
400 0.996177 0.000766981653489 
200 0.996188 0.00108298160269 
300 0.993299 0.00155544187862 
400 0.990895 0.00183161762718 
200 0.996188 0.00108298160269 
300 0.993299 0.00155544187862 
400 0.990895 0.00183161762718 
200 0.996188 0.00108298160269 
300 0.993299 0.00155544187862 
400 0.990895 0.00183161762718 
200 0.996188 0.00108298160269 
300 0.993299 0.00155544187862 
400 0.990895 0.00183161762718 
200 0.996188 0.00108298160269 
300 0.993299 0.00155544187862 
400 0.990895 0.00183161762718 
