625 0.978186 0.00353076532965 
250 0.974224 0.00661787402446 
375 0.980839 0.00400080757095 
175 0.984802 0.00464303855627 
550 0.979714 0.00349809949845 
250 0.974224 0.00661787402446 
425 0.978589 0.00420355654378 
300 0.984278 0.00366555339757 
125 0.978872 0.00766931891594 
125 0.978872 0.00766931891594 
625 0.944459 0.00913700678042 
250 0.922972 0.0202641068452 
375 0.958392 0.00878313764202 
175 0.960352 0.0122584443698 
550 0.944342 0.00976223232498 
250 0.922972 0.0202641068452 
425 0.93866 0.0122761165293 
300 0.961592 0.0090540664271 
125 0.921511 0.0292790431037 
125 0.921511 0.0292790431037 
625 0.944459 0.00913700678042 
250 0.922972 0.0202641068452 
375 0.958392 0.00878313764202 
175 0.960352 0.0122584443698 
550 0.944342 0.00976223232498 
250 0.922972 0.0202641068452 
425 0.93866 0.0122761165293 
300 0.961592 0.0090540664271 
125 0.921511 0.0292790431037 
125 0.921511 0.0292790431037 
625 0.944459 0.00913700678042 
250 0.922972 0.0202641068452 
375 0.958392 0.00878313764202 
175 0.960352 0.0122584443698 
550 0.944342 0.00976223232498 
250 0.922972 0.0202641068452 
425 0.93866 0.0122761165293 
300 0.961592 0.0090540664271 
125 0.921511 0.0292790431037 
125 0.921511 0.0292790431037 
625 0.944459 0.00913700678042 
250 0.922972 0.0202641068452 
375 0.958392 0.00878313764202 
175 0.960352 0.0122584443698 
550 0.944342 0.00976223232498 
250 0.922972 0.0202641068452 
425 0.93866 0.0122761165293 
300 0.961592 0.0090540664271 
125 0.921511 0.0292790431037 
125 0.921511 0.0292790431037 
625 0.944459 0.00913700678042 
250 0.922972 0.0202641068452 
375 0.958392 0.00878313764202 
175 0.960352 0.0122584443698 
550 0.944342 0.00976223232498 
250 0.922972 0.0202641068452 
425 0.93866 0.0122761165293 
300 0.961592 0.0090540664271 
125 0.921511 0.0292790431037 
125 0.921511 0.0292790431037 
