100 0.0303196 0.547106801738 
150 0.0396155 0.440638047254 
160 0.0373262 0.427817462021 
160 0.0373262 0.427817462021 
100 0.0303196 0.547106801738 
150 0.0396155 0.440638047254 
100 0.0303196 0.547106801738 
150 0.0396155 0.440638047254 
160 0.0373262 0.427817462021 
160 0.0373262 0.427817462021 
100 0.0303196 0.547106801738 
150 0.0396155 0.440638047254 
100 0.0303196 0.547106801738 
150 0.0396155 0.440638047254 
160 0.0373262 0.427817462021 
160 0.0373262 0.427817462021 
100 0.0303196 0.547106801738 
150 0.0396155 0.440638047254 
100 0.0303196 0.547106801738 
150 0.0396155 0.440638047254 
160 0.0373262 0.427817462021 
160 0.0373262 0.427817462021 
100 0.0303196 0.547106801738 
150 0.0396155 0.440638047254 
