250 0.978715 0.0054523682076 
125 0.984777 0.00551010795738 
125 0.972589 0.00997986343645 
125 0.984777 0.00551010795738 
250 0.978715 0.0054523682076 
125 0.984777 0.00551010795738 
125 0.972589 0.00997986343645 
125 0.984777 0.00551010795738 
250 0.978715 0.0054523682076 
125 0.984777 0.00551010795738 
125 0.972589 0.00997986343645 
125 0.984777 0.00551010795738 
250 0.978715 0.0054523682076 
125 0.984777 0.00551010795738 
125 0.972589 0.00997986343645 
125 0.984777 0.00551010795738 
250 0.978715 0.0054523682076 
125 0.984777 0.00551010795738 
125 0.972589 0.00997986343645 
125 0.984777 0.00551010795738 
