600 0.986997 0.002138842768 
1300 0.984198 0.00176762187545 
500 0.987162 0.00231334899343 
800 0.985047 0.00213169732288 
1100 0.983633 0.00199100724968 
600 0.965878 0.00567128969696 
1300 0.955893 0.00500185972008 
500 0.967057 0.00599534147617 
800 0.961004 0.00562476955882 
1100 0.9544 0.0056260588377 
600 0.965878 0.00567128969696 
1300 0.955893 0.00500185972008 
500 0.967057 0.00599534147617 
800 0.961004 0.00562476955882 
1100 0.9544 0.0056260588377 
600 0.965878 0.00567128969696 
1300 0.955893 0.00500185972008 
500 0.967057 0.00599534147617 
800 0.961004 0.00562476955882 
1100 0.9544 0.0056260588377 
600 0.965878 0.00567128969696 
1300 0.955893 0.00500185972008 
500 0.967057 0.00599534147617 
800 0.961004 0.00562476955882 
1100 0.9544 0.0056260588377 
600 0.965878 0.00567128969696 
1300 0.955893 0.00500185972008 
500 0.967057 0.00599534147617 
800 0.961004 0.00562476955882 
1100 0.9544 0.0056260588377 
