400 0.987823 0.00245356051369 
600 0.985784 0.00234005869996 
200 0.986312 0.00390733919447 
300 0.990684 0.00216464726131 
500 0.990112 0.00177907819165 
400 0.978403 0.00437146343583 
600 0.976323 0.00391492845683 
200 0.973049 0.00774390759089 
300 0.978382 0.00505473872414 
500 0.98005 0.00360777395813 
400 0.978403 0.00437146343583 
600 0.976323 0.00391492845683 
200 0.973049 0.00774390759089 
300 0.978382 0.00505473872414 
500 0.98005 0.00360777395813 
400 0.978403 0.00437146343583 
600 0.976323 0.00391492845683 
200 0.973049 0.00774390759089 
300 0.978382 0.00505473872414 
500 0.98005 0.00360777395813 
400 0.978403 0.00437146343583 
600 0.976323 0.00391492845683 
200 0.973049 0.00774390759089 
300 0.978382 0.00505473872414 
500 0.98005 0.00360777395813 
400 0.978403 0.00437146343583 
600 0.976323 0.00391492845683 
200 0.973049 0.00774390759089 
300 0.978382 0.00505473872414 
500 0.98005 0.00360777395813 
