250 0.999947 1.35171997247e-05 
250 0.999947 1.35171997247e-05 
125 0.999933 2.39486720636e-05 
375 0.999954 9.35201427256e-06 
125 0.999968 1.11715700783e-05 
125 0.999933 2.39486720636e-05 
250 0.999947 1.35171997247e-05 
250 0.999947 1.35171997247e-05 
125 0.999933 2.39486720636e-05 
375 0.999954 9.35201427256e-06 
125 0.999968 1.11715700783e-05 
125 0.999933 2.39486720636e-05 
250 0.999947 1.35171997247e-05 
250 0.999947 1.35171997247e-05 
125 0.999933 2.39486720636e-05 
375 0.999954 9.35201427256e-06 
125 0.999968 1.11715700783e-05 
125 0.999933 2.39486720636e-05 
250 0.999947 1.35171997247e-05 
250 0.999947 1.35171997247e-05 
125 0.999933 2.39486720636e-05 
375 0.999954 9.35201427256e-06 
125 0.999968 1.11715700783e-05 
125 0.999933 2.39486720636e-05 
250 0.999947 1.35171997247e-05 
250 0.999947 1.35171997247e-05 
125 0.999933 2.39486720636e-05 
375 0.999954 9.35201427256e-06 
125 0.999968 1.11715700783e-05 
125 0.999933 2.39486720636e-05 
