100 0.352518 0.33410065753 
200 0.431189 0.2020168709 
225 0.405454 0.200650659403 
250 0.405119 0.190438087187 
150 0.479908 0.210128468765 
290 0.390728 0.181859451483 
225 0.405454 0.200650659403 
100 0.352518 0.33410065753 
150 0.479908 0.210128468765 
300 0.384107 0.181108376619 
200 0.431189 0.2020168709 
300 0.384107 0.181108376619 
290 0.390728 0.181859451483 
250 0.405119 0.190438087187 
100 0.352518 0.33410065753 
200 0.431189 0.2020168709 
225 0.405454 0.200650659403 
250 0.405119 0.190438087187 
150 0.479908 0.210128468765 
290 0.390728 0.181859451483 
225 0.405454 0.200650659403 
100 0.352518 0.33410065753 
150 0.479908 0.210128468765 
300 0.384107 0.181108376619 
200 0.431189 0.2020168709 
300 0.384107 0.181108376619 
290 0.390728 0.181859451483 
250 0.405119 0.190438087187 
