1200 0.817764 0.0228893675058 
1050 0.813812 0.025043771376 
800 0.795447 0.0317690086505 
500 0.788024 0.0417870567918 
1500 0.822078 0.0199499916557 
1400 0.820887 0.020799664362 
1150 0.816 0.0236262740659 
400 0.797488 0.0444700902459 
950 0.802103 0.0281240898841 
300 0.793994 0.0523331905845 
1450 0.821636 0.0203456194554 
1200 0.817764 0.0228893675058 
1050 0.813812 0.025043771376 
800 0.795447 0.0317690086505 
500 0.788024 0.0417870567918 
1500 0.822078 0.0199499916557 
1400 0.820887 0.020799664362 
1150 0.816 0.0236262740659 
400 0.797488 0.0444700902459 
950 0.802103 0.0281240898841 
300 0.793994 0.0523331905845 
1450 0.821636 0.0203456194554 
