1200 0.752742 0.0318991712209 
1050 0.749763 0.0345558838052 
800 0.731991 0.042706876307 
500 0.715231 0.0577987871754 
1500 0.75478 0.028271055244 
1400 0.755235 0.0292044321739 
1150 0.750551 0.0329034875534 
400 0.719579 0.0635419071266 
950 0.739097 0.0380406547468 
300 0.706438 0.0772352953604 
1450 0.756044 0.0285918928807 
1200 0.752742 0.0318991712209 
1050 0.749763 0.0345558838052 
800 0.731991 0.042706876307 
500 0.715231 0.0577987871754 
1500 0.75478 0.028271055244 
1400 0.755235 0.0292044321739 
1150 0.750551 0.0329034875534 
400 0.719579 0.0635419071266 
950 0.739097 0.0380406547468 
300 0.706438 0.0772352953604 
1450 0.756044 0.0285918928807 
