300 0.97454 0.00596429238118 
1100 0.974868 0.00307032444896 
800 0.977058 0.00328369571002 
1600 0.974784 0.0025539086626 
300 0.97454 0.00596429238118 
1100 0.974868 0.00307032444896 
800 0.977058 0.00328369571002 
1600 0.974784 0.0025539086626 
300 0.97454 0.00596429238118 
1100 0.974868 0.00307032444896 
800 0.977058 0.00328369571002 
1600 0.974784 0.0025539086626 
300 0.97454 0.00596429238118 
1100 0.974868 0.00307032444896 
800 0.977058 0.00328369571002 
1600 0.974784 0.0025539086626 
300 0.97454 0.00596429238118 
1100 0.974868 0.00307032444896 
800 0.977058 0.00328369571002 
1600 0.974784 0.0025539086626 
