250 0.943611 0.0146912489775 
175 0.949168 0.0158009682775 
250 0.943611 0.0146912489775 
425 0.945902 0.0107897327959 
125 0.922513 0.0288919908751 
125 0.922513 0.0288919908751 
250 0.943611 0.0146912489775 
175 0.949168 0.0158009682775 
250 0.943611 0.0146912489775 
425 0.945902 0.0107897327959 
125 0.922513 0.0288919908751 
125 0.922513 0.0288919908751 
250 0.943611 0.0146912489775 
175 0.949168 0.0158009682775 
250 0.943611 0.0146912489775 
425 0.945902 0.0107897327959 
125 0.922513 0.0288919908751 
125 0.922513 0.0288919908751 
250 0.943611 0.0146912489775 
175 0.949168 0.0158009682775 
250 0.943611 0.0146912489775 
425 0.945902 0.0107897327959 
125 0.922513 0.0288919908751 
125 0.922513 0.0288919908751 
250 0.943611 0.0146912489775 
175 0.949168 0.0158009682775 
250 0.943611 0.0146912489775 
425 0.945902 0.0107897327959 
125 0.922513 0.0288919908751 
125 0.922513 0.0288919908751 
