100 0.932073 0.0282194119188 
200 0.949025 0.0148185434728 
50 0.949411 0.0296304678454 
310 0.947792 0.0121860362494 
150 0.949122 0.0170911590286 
60 0.942317 0.0308935466928 
100 0.932073 0.0282194119188 
150 0.949122 0.0170911590286 
200 0.949025 0.0148185434728 
60 0.942317 0.0308935466928 
250 0.949099 0.0132275613727 
100 0.932073 0.0282194119188 
200 0.949025 0.0148185434728 
50 0.949411 0.0296304678454 
310 0.947792 0.0121860362494 
150 0.949122 0.0170911590286 
60 0.942317 0.0308935466928 
100 0.932073 0.0282194119188 
150 0.949122 0.0170911590286 
200 0.949025 0.0148185434728 
60 0.942317 0.0308935466928 
250 0.949099 0.0132275613727 
