200 0.9309 0.0202594646531 
420 0.954779 0.0090341989712 
50 0.980849 0.0110475444015 
250 0.938101 0.0161690568706 
275 0.942937 0.0141774579947 
400 0.953612 0.0095023946866 
100 0.97545 0.00998932445055 
450 0.95308 0.00906234350377 
275 0.942937 0.0141774579947 
300 0.946129 0.0127935072772 
200 0.9309 0.0202594646531 
300 0.946129 0.0127935072772 
150 0.966755 0.0110740551991 
120 0.975819 0.00897336161325 
250 0.938101 0.0161690568706 
350 0.951229 0.0106945506281 
200 0.9309 0.0202594646531 
420 0.954779 0.0090341989712 
50 0.980849 0.0110475444015 
250 0.938101 0.0161690568706 
275 0.942937 0.0141774579947 
400 0.953612 0.0095023946866 
100 0.97545 0.00998932445055 
450 0.95308 0.00906234350377 
275 0.942937 0.0141774579947 
300 0.946129 0.0127935072772 
200 0.9309 0.0202594646531 
300 0.946129 0.0127935072772 
150 0.966755 0.0110740551991 
120 0.975819 0.00897336161325 
250 0.938101 0.0161690568706 
350 0.951229 0.0106945506281 
200 0.9309 0.0202594646531 
420 0.954779 0.0090341989712 
50 0.980849 0.0110475444015 
250 0.938101 0.0161690568706 
275 0.942937 0.0141774579947 
400 0.953612 0.0095023946866 
100 0.97545 0.00998932445055 
450 0.95308 0.00906234350377 
275 0.942937 0.0141774579947 
300 0.946129 0.0127935072772 
200 0.9309 0.0202594646531 
300 0.946129 0.0127935072772 
150 0.966755 0.0110740551991 
120 0.975819 0.00897336161325 
250 0.938101 0.0161690568706 
350 0.951229 0.0106945506281 
200 0.9309 0.0202594646531 
420 0.954779 0.0090341989712 
50 0.980849 0.0110475444015 
250 0.938101 0.0161690568706 
275 0.942937 0.0141774579947 
400 0.953612 0.0095023946866 
100 0.97545 0.00998932445055 
450 0.95308 0.00906234350377 
275 0.942937 0.0141774579947 
300 0.946129 0.0127935072772 
200 0.9309 0.0202594646531 
300 0.946129 0.0127935072772 
150 0.966755 0.0110740551991 
120 0.975819 0.00897336161325 
250 0.938101 0.0161690568706 
350 0.951229 0.0106945506281 
