800 0.972224 0.00398485282495 
250 0.972803 0.00698722155717 
650 0.973209 0.0042627742189 
350 0.977367 0.0049006096824 
800 0.938166 0.00901644485481 
250 0.92367 0.0200740700112 
650 0.934513 0.0106137256862 
350 0.931136 0.0152440898845 
800 0.938166 0.00901644485481 
250 0.92367 0.0200740700112 
650 0.934513 0.0106137256862 
350 0.931136 0.0152440898845 
800 0.938166 0.00901644485481 
250 0.92367 0.0200740700112 
650 0.934513 0.0106137256862 
350 0.931136 0.0152440898845 
800 0.938166 0.00901644485481 
250 0.92367 0.0200740700112 
650 0.934513 0.0106137256862 
350 0.931136 0.0152440898845 
800 0.938166 0.00901644485481 
250 0.92367 0.0200740700112 
650 0.934513 0.0106137256862 
350 0.931136 0.0152440898845 
