500 0.920376 0.0148143121198 
450 0.917555 0.0161921419677 
400 0.917867 0.0171093059071 
300 0.917867 0.019764382266 
600 0.921054 0.013402352943 
500 0.920376 0.0148143121198 
450 0.917555 0.0161921419677 
400 0.917867 0.0171093059071 
300 0.917867 0.019764382266 
600 0.921054 0.013402352943 
500 0.920376 0.0148143121198 
450 0.917555 0.0161921419677 
400 0.917867 0.0171093059071 
300 0.917867 0.019764382266 
600 0.921054 0.013402352943 
500 0.920376 0.0148143121198 
450 0.917555 0.0161921419677 
400 0.917867 0.0171093059071 
300 0.917867 0.019764382266 
600 0.921054 0.013402352943 
500 0.920376 0.0148143121198 
450 0.917555 0.0161921419677 
400 0.917867 0.0171093059071 
300 0.917867 0.019764382266 
600 0.921054 0.013402352943 
